
 13.550000 -1.450000 2.450000 -3.950000 -5.050000 3.250000 4.350000 2.650000 0.450000 -3.650000 -0.250000 -2.950000 -4.150000 0.850000 -0.450000
 4.287500 3.087500 2.787500 -3.612500 -4.712500 3.587500 4.687500 2.987500 0.787500 -3.312500 0.087500 -2.612500 -3.812500 1.187500 -0.112500
 4.043750 -1.356250 10.643750 -3.856250 -4.956250 3.343750 4.443750 2.743750 0.543750 -3.556250 -0.156250 -2.856250 -4.056250 0.943750 -0.356250
 4.443750 -0.956250 2.943750 -1.756250 -4.556250 3.743750 4.843750 3.143750 0.943750 -3.156250 0.243750 -2.456250 -3.656250 1.343750 0.043750
 4.512500 -0.887500 3.012500 -3.387500 -3.887500 3.812500 4.912500 3.212500 1.012500 -3.087500 0.312500 -2.387500 -3.587500 1.412500 0.112500
 3.993750 -1.406250 2.493750 -3.906250 -5.006250 12.193750 4.393750 2.693750 0.493750 -3.606250 -0.206250 -2.906250 -4.106250 0.893750 -0.406250
 3.925000 -1.475000 2.425000 -3.975000 -5.075000 3.225000 14.325000 2.625000 0.425000 -3.675000 -0.275000 -2.975000 -4.175000 0.825000 -0.475000
 4.031250 -1.368750 2.531250 -3.868750 -4.968750 3.331250 4.431250 11.031250 0.531250 -3.568750 -0.168750 -2.868750 -4.068750 0.931250 -0.368750
 4.168750 -1.231250 2.668750 -3.731250 -4.831250 3.468750 4.568750 2.868750 6.768750 -3.431250 -0.031250 -2.731250 -3.931250 1.068750 -0.231250
 4.425000 -0.975000 2.925000 -3.475000 -4.575000 3.725000 4.825000 3.125000 0.925000 -1.175000 0.225000 -2.475000 -3.675000 1.325000 0.025000
 4.212500 -1.187500 2.712500 -3.687500 -4.787500 3.512500 4.612500 2.912500 0.712500 -3.387500 5.412500 -2.687500 -3.887500 1.112500 -0.187500
 4.381250 -1.018750 2.881250 -3.518750 -4.618750 3.681250 4.781250 3.081250 0.881250 -3.218750 0.181250 0.181250 -3.718750 1.281250 -0.018750
 4.456250 -0.943750 2.956250 -3.443750 -4.543750 3.756250 4.856250 3.156250 0.956250 -3.143750 0.256250 -2.443750 -2.143750 1.356250 0.056250
 4.143750 -1.256250 2.643750 -3.756250 -4.856250 3.443750 4.543750 2.843750 0.643750 -3.456250 -0.056250 -2.756250 -3.956250 7.543750 -0.256250
 4.225000 -1.175000 2.725000 -3.675000 -4.775000 3.525000 4.625000 2.925000 0.725000 -3.375000 0.025000 -2.675000 -3.875000 1.125000 5.025000
 
 
